16.7865     17.6454     10.5414
17.1755     21.2383     14.9986
17.9279     23.6412     20.2276
18.8119     24.6268     25.9902
19.5954     23.9816     31.8796
20.0586     21.648     37.3289
20.0229     17.8441     41.7246
19.3866     13.0803     44.5939
18.1474     8.03634     45.7669
16.3976     3.35482     45.4142
14.2929     -0.530325     43.942
12.0085     -3.44984     41.8248
9.70278     -5.44842     39.4686
7.4961     -6.68954     37.1513
5.46611     -7.37127     35.0249
3.65279     -7.67541     33.1488
2.06775     -7.74677     31.527
0.703657     -7.691     30.1359
-0.458083     -7.58062     28.9425
-1.44168     -7.46307     27.9144
-2.27323     -7.36799     27.0238
-2.97842     -7.31289     26.2487
-3.58116     -7.30723     25.5728
-4.10295     -7.35518     24.9849
-4.56264     -7.45754     24.4775
-4.97635     -7.61286     24.0465
-5.35769     -7.8182     23.6901
-5.71785     -8.06956     23.4082
-6.06585     -8.36199     23.2023
-6.40871     -8.68968     23.0746
-6.75156     -9.04583     23.028
-7.09784     -9.42253     23.0655
-7.44928     -9.81058     23.19
-7.806     -10.1994     23.4033
-8.16652     -10.5768     23.7061
-8.52779     -10.9293     24.0972
-8.8852     -11.2423     24.5726
-9.23268     -11.5005     25.1251
-9.5629     -11.6887     25.7437
-9.86748     -11.7928     26.4132
-10.1374     -11.8013     27.1145
-10.3636     -11.7061     27.825
-10.5375     -11.5044     28.5194
-10.6515     -11.1987     29.1715
-10.7001     -10.798     29.756
-10.6803     -10.3169     30.2504
-10.5915     -9.77461     30.6365
-10.4366     -9.19375     30.9023
-10.221     -8.59801     31.0421
-9.95273     -8.01038     31.0566
-9.64184     -7.45136     30.9523
-9.29945     -6.93781     30.74
-8.93725     -6.48227     30.4336
-8.56669     -6.09287     30.0486
-8.19851     -5.77376     29.6008
-7.84223     -5.52572     29.1055
-7.50602     -5.34697     28.5769
-7.19648     -5.23404     28.0274
-6.91876     -5.18245     27.4681
-6.67663     -5.18734     26.9085
-6.47265     -5.24389     26.357
-6.30838     -5.34767     25.8205
-6.18458     -5.49473     25.3054
-6.10139     -5.68177     24.8173
-6.05853     -5.90601     24.3617
-6.05539     -6.16518     23.9435
-6.09117     -6.45736     23.5679
-6.16491     -6.78079     23.2398
-6.27556     -7.1337     22.9645
-6.42194     -7.51404     22.7475
-6.60272     -7.91924     22.5943
-6.81633     -8.34595     22.5105
-7.06091     -8.78971     22.502
-7.3341     -9.24469     22.574
-7.63299     -9.70341     22.7316
-7.95385     -10.1566     22.9786
-8.29208     -10.5928     23.3173
-8.64198     -10.9989     23.7479
-8.99668     -11.36     24.2675
-9.3481     -11.6601     24.8697
-9.68702     -11.8827     25.5435
-10.0033     -12.0126     26.2734
-10.2862     -12.0367     27.0391
-10.5249     -11.9458     27.8158
-10.7092     -11.7363     28.576
-10.8304     -11.4107     29.2906
-10.8815     -10.979     29.9312
-10.8588     -10.4574     30.4724
-10.7614     -9.8679     30.8943
-10.5922     -9.23587     31.1834
-10.3571     -8.58817     31.3338
-10.0649     -7.95062     31.3468
-9.72675     -7.34607     31.2302
-9.35497     -6.79299     30.9969
-8.96245     -6.30483     30.6626
-8.56177     -5.88993     30.245
-8.16459     -5.55208     29.7617
-7.78119     -5.29137     29.2293
-7.42024     -5.10512     28.6633
-7.08869     -4.98887     28.0769
-6.7918     -4.93722     27.4816
-6.53334     -4.9445     26.8873
-6.31577     -5.00522     26.3023
-6.14048     -5.11447     25.7337
-6.00804     -5.26798     25.1877
-5.91837     -5.46227     24.67
-5.87099     -5.69454     24.1856
-5.86515     -5.96261     23.7398
-5.8999     -6.26475     23.3373
-5.97425     -6.59949     22.9834
-6.08711     -6.96539     22.6832
-6.23734     -7.36083     22.4426
-6.42372     -7.78365     22.2672
-6.64481     -8.23095     22.1633
-6.89893     -8.69867     22.137
-7.18394     -9.18133     22.1947
-7.49712     -9.67163     22.342
-7.83498     -10.1602     22.5841
-8.19303     -10.6356     22.9244
-8.56565     -11.0837     23.3643
-8.9459     -11.4886     23.9023
-9.32546     -11.8327     24.5328
-9.69463     -12.0975     25.2457
-10.0425     -12.2651     26.0255
-10.3574     -12.3197     26.8509
-10.6272     -12.2494     27.6958
-10.8403     -12.0483     28.5299
-10.9864     -11.7174     29.3207
-11.0573     -11.2659     30.0358
-11.0478     -10.711     30.6459
-10.9564     -10.0765     31.1273
-10.7853     -9.3908     31.4638
-10.5407     -8.68422     31.6476
-10.232     -7.98626     31.6797
-9.87133     -7.32309     31.5686
-9.47228     -6.71587     31.3284
-9.04918     -6.17987     30.9772
-8.61603     -5.72442     30.5346
-8.18579     -5.35353     30.0205
-7.76986     -5.06692     29.4536
-7.37776     -4.86115     28.8506
-7.01708     -4.7308     28.226
-6.69347     -4.66944     27.5921
-6.41093     -4.67043     26.9594
-6.17195     -4.72747     26.3363
-5.97786     -4.83493     25.73
-5.82909     -4.98808     25.1469
-5.7254     -5.1831     24.5923
-5.66612     -5.41706     24.0714
-5.65034     -5.68778     23.589
-5.67699     -5.99369     23.15
-5.74498     -6.33362     22.7595
-5.85322     -6.70654     22.4227
-6.00062     -7.11136     22.1453
-6.18606     -7.54656     21.9333
-6.40834     -8.00993     21.7933
-6.66601     -8.49818     21.7321
-6.95731     -9.00658     21.7566
-7.27991     -9.52857     21.8737
-7.63074     -10.0554     22.0897
-8.00577     -10.5757     22.4099
-8.39975     -11.0756     22.8376
-8.80605     -11.5383     23.3734
-9.21643     -11.945     24.0141
-9.62107     -12.2751     24.7514
-10.0086     -12.5076     25.5712
-10.3664     -12.623     26.4533
-10.6811     -12.6053     27.3707
-10.9393     -12.4442     28.2912
-11.1287     -12.137     29.1789
-11.2388     -11.6903     29.9967
-11.2623     -11.12     30.7097
-11.1956     -10.4506     31.2884
-11.0398     -9.71311     31.7111
-10.8001     -8.94178     31.9662
-10.4861     -8.1709     32.0521
-10.1103     -7.43155     31.9763
-9.68766     -6.74936     31.754
-9.23415     -6.14315     31.4048
-8.76552     -5.62466     30.951
-8.29657     -5.19921     30.4152
-7.84034     -4.86683     29.8186
-7.40779     -4.62367     29.1803
-7.00763     -4.46342     28.5167
-6.64635     -4.37852     27.8415
-6.32848     -4.36109     27.1658
-6.05682     -4.40369     26.4989
-5.83282     -4.49969     25.8483
-5.65687     -4.64354     25.2204
-5.52861     -4.83082     24.6205
-5.4472     -5.05821     24.0536
-5.41151     -5.32335     23.5243
-5.42033     -5.62471     23.0374
-5.47243     -5.96134     22.5976
-5.56664     -6.33263     22.21
-5.70188     -6.73809     21.8803
-5.87717     -7.177     21.6143
-6.09149     -7.64813     21.4188
-6.34377     -8.14933     21.301
-6.63267     -8.67716     21.2683
-6.95645     -9.22642     21.3287
-7.31274     -9.78974     21.49
-7.69829     -10.3571     21.7594
-8.10868     -10.9154     22.1429
-8.53809     -11.4485     22.644
-8.97899     -11.9369     23.2632
-9.42201     -12.3586     23.9961
-9.85588     -12.6898     24.8323
-10.2676     -12.9067     25.7545
-10.6426     -12.9876     26.7379
-10.966     -12.9155     27.7503
-11.2227     -12.6806     28.7533
-11.3992     -12.2833     29.7051
-11.4848     -11.7347     30.5638
-11.4726     -11.057     31.2914
-11.3603     -10.2819     31.8576
-11.151     -9.44715     32.2423
-10.8526     -8.59264     32.4379
-10.4777     -7.75652     32.4479
-10.0419     -6.97162     32.2861
-9.56267     -6.26321     31.9731
-9.05803     -5.64814     31.5337
-8.54524     -5.1352     30.9938
-8.03986     -4.72623     30.3786
-7.55515     -4.41789     29.7105
-7.1018     -4.2033     29.009
-6.68788     -4.07372     28.2902
-6.31907     -4.01974     27.567
-5.99897     -4.0323     26.8499
-5.72946     -4.10323     26.1472
-5.51111     -4.2256     25.4654
-5.34356     -4.3939     24.8103
-5.22581     -4.60395     24.1865
-5.15652     -4.85286     23.5986
-5.13421     -5.1388     23.0508
-5.15742     -5.46081     22.5475
-5.22481     -5.81856     22.0935
-5.33519     -6.2121     21.6939
-5.48758     -6.64155     21.3543
-5.68112     -7.10681     21.0811
-5.91503     -7.60719     20.8815
-6.18846     -8.14101     20.7633
-6.50038     -8.70516     20.7348
-6.84931     -9.29459     20.8051
-7.23311     -9.90174     20.9832
-7.64867     -10.516     21.2778
-8.09161     -11.1234     21.6962
-8.55591     -11.706     22.2435
-9.03363     -12.242     22.9211
-9.51465     -12.7063     23.7251
-9.98661     -13.0716     24.6451
-10.435     -13.3102     25.662
-10.8435     -13.3964     26.748
-11.195     -13.3101     27.8665
-11.4725     -13.0399     28.9733
-11.6605     -12.5862     30.0202
-11.7468     -11.9625     30.9589
-11.7235     -11.1956     31.7459
-11.5887     -10.3232     32.3474
-11.3463     -9.39005     32.7425
-11.006     -8.4426     32.9245
-10.5829     -7.52435     32.9005
-10.095     -6.67168     32.6889
-9.56273     -5.91142     32.3154
-9.00632     -5.26022     31.8097
-8.44497     -4.72527     31.2017
-7.89561     -4.30607     30.5195
-7.3723     -3.99657     29.7876
-6.88605     -3.78727     29.0266
-6.44487     -3.66708     28.2528
-6.05408     -3.62471     27.4791
-5.71674     -3.64963     26.7157
-5.43411     -3.73269     25.9701
-5.20611     -3.86636     25.2484
-5.03174     -4.0448     24.5555
-4.90945     -4.26381     23.8958
-4.83743     -4.52066     23.2731
-4.81382     -4.81385     22.6913
-4.8369     -5.14287     22.1544
-4.90516     -5.50798     21.6668
-5.01738     -5.90988     21.2333
-5.17264     -6.34951     20.8597
-5.37025     -6.82764     20.5522
-5.60971     -7.34457     20.3181
-5.89055     -7.89971     20.1656
-6.21223     -8.4911     20.104
-6.57384     -9.11484     20.1432
-6.9739     -9.76449     20.2937
-7.41003     -10.4304     20.5661
-7.87852     -11.0989     20.9702
-8.37403     -11.7522     21.514
-8.88909     -12.3674     22.2023
-9.41378     -12.9175     23.0347
-9.93553     -13.3714     24.0037
-10.439     -13.6965     25.0927
-10.9065     -13.8609     26.2747
-11.3186     -13.8373     27.5114
-11.6555     -13.6074     28.7549
-11.8983     -13.1658     29.95
-12.0311     -12.5226     31.0395
-12.043     -11.7046     31.9701
-11.9292     -10.7529     32.6984
-11.6922     -9.71877     33.1957
-11.3415     -8.65726     33.4509
-10.8931     -7.62091     33.4698
-10.3673     -6.65426     33.2724
-9.78708     -5.79043     32.8887
-9.17602     -5.04997     32.3535
-8.55633     -4.44169     31.7022
-7.94766     -3.96483     30.9677
-7.36631     -3.61174     30.1787
-6.82489     -3.37062     29.3585
-6.33249     -3.22779     28.5255
-5.89496     -3.16946     27.6937
-5.51551     -3.18288     26.8735
-5.19524     -3.25703     26.0727
-4.9337     -3.38291     25.297
-4.72939     -3.55365     24.551
-4.58021     -3.76433     23.8383
-4.48382     -4.01179     23.1622
-4.43784     -4.2944     22.526
-4.44011     -4.61178     21.9331
-4.48879     -4.96452     21.387
-4.58242     -5.3539     20.8922
-4.71996     -5.78165     20.4534
-4.90078     -6.24965     20.0766
-5.12457     -6.75958     19.7686
-5.39129     -7.31258     19.5372
-5.70097     -7.90879     19.3916
-6.05358     -8.54682     19.3422
-6.44873     -9.22309     19.4004
-6.8854     -9.93108     19.5787
-7.36154     -10.6605     19.8897
-7.87364     -11.3966     20.3457
-8.41622     -12.119     20.957
-8.98135     -12.8016     21.7305
-9.55813     -13.4127     22.6669
-10.1324     -13.9156     23.7589
-10.6867     -14.2711     24.9879
-11.2005     -14.4409     26.3224
-11.651     -14.3922     27.7171
-12.0151     -14.1032     29.1146
-12.2706     -13.5687     30.4486
-12.3993     -12.8031     31.6512
-12.3889     -11.8413     32.6599
-12.235     -10.7358     33.4261
-11.942     -9.5499     33.9202
-11.523     -8.35008     34.135
-10.9979     -7.19737     34.0834
-10.3918     -6.14108     33.7948
-9.73194     -5.21531     33.3084
-9.04558     -4.43847     32.6672
-8.35759     -3.8152     31.9127
-7.68927     -3.33964     31.082
-7.05761     -2.999     30.2056
-6.47515     -2.7769     29.3075
-5.95031     -2.65595     28.4055
-5.48794     -2.61957     27.5128
-5.09006     -2.65308     26.6383
-4.75651     -2.74427     25.7886
-4.48565     -2.88354     24.9681
-4.27492     -3.0638     24.1802
-4.12127     -3.28026     23.4274
-4.02158     -3.5301     22.7123
-3.97289     -3.81217     22.0372
-3.97257     -4.12669     21.4046
-4.0185     -4.47497     20.8177
-4.10908     -4.85912     20.28
-4.24326     -5.28182     19.7959
-4.42056     -5.74605     19.3706
-4.64098     -6.25481     19.0106
-4.9049     -6.8108     18.7234
-5.213     -7.416     18.5182
-5.56605     -8.07117     18.4056
-5.9647     -8.77521     18.3978
-6.40917     -9.52435     18.5088
-6.89889     -10.3112     18.7536
-7.432     -11.1238     19.1479
-8.00484     -11.9441     19.7068
-8.61127     -12.7476     20.4434
-9.24206     -13.5019     21.3663
-9.88421     -14.1674     22.4764
-10.5206     -14.6988     23.7637
-11.1299     -15.0473     25.2036
-11.6869     -15.1665     26.7548
-12.1643     -15.0185     28.3582
-12.5341     -14.5814     29.9401
-12.7707     -13.8561     31.4177
-12.8542     -12.8699     32.709
-12.7732     -11.6755     33.7433
-12.5264     -10.3453     34.4713
-12.1239     -8.96106     34.8707
-11.5857     -7.60272     34.9472
-10.9392     -6.33819     34.7305
-10.2164     -5.21686     34.2658
-9.45018     -4.2675     33.6061
-8.67138     -3.49995     32.8041
-7.90688     -2.90907     31.9067
-7.17832     -2.47974     30.9531
-6.50176     -2.19139     29.9731
-5.888     -2.02172     28.9887
-5.34327     -1.94926     28.0152
-4.87011     -1.95494     27.0627
-4.46825     -2.0228     26.1375
-4.13549     -2.14026     25.2439
-3.86841     -2.2979     24.3842
-3.66294     -2.4892     23.5603
-3.51489     -2.71012     22.7733
-3.42023     -2.95869     22.0246
-3.37532     -3.23464     21.3154
-3.37711     -3.53909     20.6475
-3.42323     -3.87426     20.023
-3.51198     -4.24322     19.4446
-3.6424     -4.64968     18.9158
-3.81419     -5.09782     18.4411
-4.0277     -5.59202     18.0259
-4.28387     -6.13667     17.6772
-4.58407     -6.73582     17.4035
-4.93     -7.39277     17.215
-5.32351     -8.10951     17.1242
-5.76633     -8.88596     17.1455
-6.25971     -9.719     17.2956
-6.80403     -10.6013     17.5935
-7.3982     -11.5197     18.0589
-8.03895     -12.4539     18.712
-8.72001     -13.3747     19.5708
-9.43123     -14.243     20.6483
-10.1577     -15.0095     21.9481
-10.879     -15.6165     23.46
-11.5694     -16.0018     25.1546
-12.1977     -16.1053     26.9801
-12.7299     -15.8788     28.8607
-13.1311     -15.2964     30.7008
-13.37     -14.3638     32.3944
-13.423     -13.1229     33.8383
-13.2782     -11.6491     34.9482
-12.9374     -10.0411     35.6713
-12.417     -8.40577     35.9932
-11.7453     -6.84148     35.9358
-10.9591     -5.42578     35.5492
-10.099     -4.20867     34.8991
-9.2048     -3.21256     34.0551
-8.31227     -2.43683     33.0816
-7.4508     -1.86468     32.0321
-6.64264     -1.47002     30.9475
-5.90297     -1.2232     29.8572
-5.24076     -1.0951     28.7806
-4.65983     -1.05954     27.7299
-4.16012     -1.09447     26.712
-3.73885     -1.18233     25.7303
-3.39145     -1.30981     24.7864
-3.11244     -1.46739     23.8807
-2.896     -1.64879     23.0129
-2.73644     -1.85038     22.1828
-2.62853     -2.07064     21.3901
-2.56767     -2.3098     20.6349
-2.55003     -2.56939     19.9174
-2.57262     -2.85207     19.2384
-2.6333     -3.16134     18.599
-2.73074     -3.50142     18.0009
-2.86447     -3.87714     17.4467
-3.03476     -4.29384     16.9396
-3.24265     -4.75726     16.4841
-3.48982     -5.27342     16.0858
-3.77859     -5.84845     15.7521
-4.1118     -6.48829     15.4921
-4.49267     -7.19835     15.3173
-4.92467     -7.98285     15.2421
-5.41123     -8.84402     15.2836
-5.95541     -9.78087     15.4625
-6.55939     -10.7877     15.8026
-7.22377     -11.852     16.3304
-7.94672     -12.9521     17.0741
-8.72287     -14.0549     18.0609
-9.54197     -15.1132     19.3134
-10.3876     -16.0649     20.8437
-11.2359     -16.834     22.6466
-12.0551     -17.3352     24.691
-12.8057     -17.4836     26.9136
-13.4428     -17.2086     29.216
-13.9201     -16.4707     31.4691
-14.1952     -15.277     33.5271
-14.2365     -13.688     35.249
-14.0288     -11.814     36.5232
-13.5771     -9.79679     37.2879
-12.9061     -7.78496     37.5384
-12.0566     -5.90825     37.322
-11.0795     -4.26018     36.7211
-10.0286     -2.89176     35.8334
-8.95429     -1.81518     34.7543
-7.89963     -1.01363     33.5647
-6.89787     -0.45267     32.3268
-5.97218     -0.0902114     31.0838
-5.13655     0.116262     29.8631
-4.39736     0.205346     28.6804
-3.75512     0.209639     27.5431
-3.20619     0.1552     26.4536
-2.74428     0.0619096     25.4114
-2.36159     -0.0557416     24.4148
-2.0497     -0.187719     23.4614
-1.80026     -0.327533     22.5487
-1.60537     -0.471439     21.6745
-1.45784     -0.617757     20.8368
-1.35141     -0.76635     20.034
-1.28071     -0.918204     19.2647
-1.24135     -1.07514     18.5278
-1.22983     -1.2396     17.8223
-1.24354     -1.4145     17.1475
-1.28065     -1.6032     16.5031
-1.34007     -1.80941     15.8889
-1.42143     -2.03725     15.3049
-1.52501     -2.29124     14.7516
-1.6517     -2.57638     14.23
-1.80302     -2.8982     13.7415
-1.98106     -3.26283     13.2883
-2.18855     -3.67703     12.8735
-2.42882     -4.14828     12.5015
-2.70581     -4.68471     12.1779
-3.02412     -5.2951     11.9104
-3.38894     -5.98868     11.7093
-3.80605     -6.77477     11.5875
-4.2817     -7.66222     11.5622
-4.8224     -8.65846     11.6548
-5.43461     -9.76799     11.8924
-6.12419     -10.9903     12.3081
-6.89557     -12.3167     12.9411
-7.75055     -13.7266     13.8364
-8.68664     -15.1822     15.042
-9.69495     -16.6237     16.6039
-10.7576     -17.9644     18.5576
-11.845     -19.0893     20.9155
-12.9141     -19.8603     23.6504
-13.9075     -20.1305     26.6794
-14.7565     -19.7705     29.8542
-15.387     -18.7033     32.965
-15.7305     -16.9374     35.7669
-15.7364     -14.5843     38.0252
-15.3835     -11.8468     39.5674
-14.6861     -8.97785     40.3219
-13.6919     -6.22468     40.3263
-12.4729     -3.7797     39.7041
-11.1123     -1.75537     38.6231
-9.69166     -0.185307     37.2532
-8.28133     0.956815     35.7386
-6.93533     1.7326     34.185
-5.69042     2.21733     32.6603
-4.56769     2.4852     31.202
-3.57556     2.60131     29.8263
-2.71305     2.61866     28.5364
-1.9728     2.57816     27.3283
-1.34358     2.51008     26.195
-0.812109     2.43608     25.129
-0.364475     2.37113     24.1231
0.0130271     2.32525     23.1714
0.333324     2.30498     22.2689
0.608272     2.31451     21.4118
0.848541     2.35649     20.5974
1.06362     2.43279     19.8235
1.26191     2.5449     19.0888
1.45084     2.69434     18.3926
1.63705     2.88291     17.7347
1.8265     3.11284     17.1156
2.02471     3.38699     16.5365
2.23686     3.70883     15.9992
2.46795     4.08256     15.5066
2.72289     4.51309     15.0625
3.00667     5.00594     14.6723
3.32439     5.56716     14.3429
3.68128     6.2031     14.0835
4.08275     6.92002     13.9056
4.53428     7.7235     13.8241
5.04128     8.61764     13.8571
5.60877     9.60375     14.027
6.24098     10.6787     14.3605
6.94065     11.8324     14.8884
7.70809     13.0453     15.6449
8.53993     14.2846     16.665
9.42759     15.5013     17.9811
10.3555     16.6272     19.6161
11.2994     17.5749     21.5749
12.225     18.2419     23.8338
13.0881     18.5203     26.3301
13.8361     18.3142     28.9554
14.4126     17.5618     31.559
14.7644     16.2579     33.9623
14.8495     14.4667     35.987
14.6461     12.3191     37.4887
14.1567     9.99105     38.3856
13.4097     7.66899     38.6712
12.4536     5.51532     38.4069
11.3499     3.64419     37.6996
10.1632     2.11366     36.6735
8.95367     0.932053     35.4467
7.77145     0.0720297     34.1163
6.6543     -0.513772     32.7536
5.62748     -0.87984     31.4054
4.70519     -1.07906     30.099
3.8927     -1.15793     28.8479
3.18866     -1.15464     27.6564
2.58718     -1.09904     26.5241
2.07959     -1.01343     25.4479
1.65578     -0.913856     24.4237
1.30519     -0.811349     23.4473
1.01747     -0.713136     22.5149
0.782919     -0.62362     21.6233
0.592738     -0.545191     20.7696
0.439115     -0.478857     19.9513
0.315256     -0.424728     19.1665
0.215341     -0.38237     18.4134
0.134446     -0.351063     17.6905
0.0684389     -0.329981     16.9963
0.0138814     -0.318317     16.3297
-0.0320812     -0.31536     15.6895
-0.071817     -0.320548     15.0745
-0.107298     -0.333498     14.4839
-0.140183     -0.354025     13.9166
-0.171887     -0.382149     13.3717
-0.203648     -0.41811     12.8485
-0.23658     -0.462366     12.3462
-0.271722     -0.515613     11.8639
-0.310082     -0.578791     11.401
-0.352678     -0.65311     10.957
-0.400577     -0.740072     10.5312
-0.454927     -0.841504     10.1233
-0.516996     -0.959604     9.73274
-0.588214     -1.09699     9.35946
-0.670207     -1.25675     9.00335
-0.764846     -1.44255     8.66455
-0.874293     -1.65868     8.34348
-1.00106     -1.91017     8.04091
-1.14807     -2.2029     7.75808
-1.31873     -2.54372     7.49689
-1.51699     -2.94057     7.26004
-1.74745     -3.40264     7.05142
-2.01545     -3.94042     6.87641
-2.32714     -4.56584     6.74245
-2.68957     -5.29218     6.65971
-3.11075     -6.13396     6.642
-3.59968     -7.1065     6.70792
-4.16622     -8.22505     6.88227
-4.82091     -9.50326     7.19777
-5.57445     -10.9507     7.69684
-6.43688     -12.5687     8.43333
-7.4161     -14.3447     9.47337
-8.51566     -16.2438     10.8943
-9.73156     -18.1982     12.7797
-11.0479     -20.0955     15.2086
-12.4314     -21.7702     18.2344
-13.8268     -23.0036     21.8553
-15.1531     -23.5424     25.9776
-16.3052     -23.1444     30.3849
-17.1642     -21.6503     34.7356
-17.616     -19.0595     38.6084
-17.5766     -15.5735     41.5986
-17.0152     -11.5691     43.4326
-15.9644     -7.50099     44.0449
-14.5138     -3.7771     43.5777
-12.7883     -0.667304     42.3082
-10.921     1.72231     40.5509
-9.03125     3.41904     38.5793
-7.21175     4.52908     36.5897
-5.52489     5.18741     34.6996
-4.00564     5.52462     32.9643
-2.66724     5.65085     31.3988
-1.5075     5.65147     29.9954
-0.514331     5.58897     28.737
0.329992     5.50714     27.6038
1.04577     5.43563     26.5777
1.65382     5.3938     25.6437
2.17423     5.39386     24.7906
2.62561     5.44316     24.0101
3.02476     5.54583     23.2972
3.38656     5.70399     22.649
3.72401     5.9185     22.0649
4.04837     6.18946     21.5457
4.3693     6.51651     21.094
4.69505     6.89887     20.7139
5.03256     7.3353     20.4106
5.38759     7.82384     20.1909
5.76478     8.36154     20.0628
6.16757     8.94389     20.0352
6.59818     9.56432     20.1183
7.05742     10.2135     20.3225
7.5444     10.8785     20.6582
8.05633     11.5424     21.1348
8.58808     12.1834     21.7588
9.13187     12.7752     22.533
9.67702     13.287     23.4535
10.2098     13.685     24.5084
10.7136     13.9347     25.6751
11.1695     14.0045     26.9198
11.5572     13.8699     28.1974
11.8568     13.518     29.4537
12.0501     12.9509     30.6295
12.1232     12.1883     31.6665
12.0681     11.2663     32.5139
11.8837     10.2342     33.1345
11.5767     9.14816     33.5082
11.1607     8.06502     33.6334
10.6552     7.03535     33.5252
10.0828     6.09901     33.211
9.46817     5.28288     32.7255
8.83492     4.60091     32.1059
8.20468     4.05595     31.3878
7.59581     3.6424     30.6029
7.02288     3.34923     29.7775
6.4967     3.16257     28.9325
6.02453     3.06779     28.0839
5.61065     3.05097     27.2436
5.2569     3.0998     26.4204
4.96328     3.20404     25.6206
4.72854     3.35564     24.8492
4.55064     3.5487     24.1099
4.42712     3.77923     23.4059
4.35544     4.04497     22.7403
4.33322     4.34504     22.1163
4.35835     4.67973     21.5371
4.42914     5.05018     21.0066
4.54432     5.45813     20.5292
4.70308     5.90564     20.1102
4.90501     6.39481     19.7559
5.15004     6.92743     19.4734
5.4383     7.50455     19.2713
5.76997     8.12606     19.1595
6.14508     8.79004     19.1491
6.56321     9.49208     19.2523
7.02317     10.2244     19.4823
7.52255     10.9752     19.8524
8.05727     11.7273     20.3749
8.62104     12.4579     21.0598
9.20479     13.1378     21.9129
9.79626     13.7321     22.9328
10.3797     14.2013     24.1084
10.9358     14.5042     25.4162
11.4424     14.6018     26.8185
11.8754     14.4632     28.2635
12.2109     14.0711     29.6872
12.4268     13.4271     31.0191
12.5063     12.5542     32.189
12.4393     11.4967     33.1363
12.2247     10.3147     33.8173
11.8705     9.07729     34.2104
11.3935     7.85261     34.3172
10.8169     6.70022     34.1592
10.168     5.66525     33.7724
9.47559     4.77613     33.2006
8.76697     4.04533     32.4888
8.06658     3.47213     31.6785
7.3946     3.04644     30.8055
6.76653     2.75256     29.8982
6.19334     2.57236     28.9786
5.68191     2.48769     28.0623
5.23575     2.48192     27.1607
4.85568     2.54075     26.2814
4.54066     2.65265     25.4298
4.28835     2.80879     24.6094
4.09571     3.00289     23.8232
3.95939     3.23091     23.0732
3.8761     3.49075     22.3618
3.84284     3.78188     21.691
3.85704     4.10507     21.0634
3.91667     4.4621     20.482
4.02029     4.85551     19.9505
4.16706     5.28835     19.4732
4.35668     5.76393     19.0557
4.58938     6.28552     18.7045
4.86578     6.85605     18.4277
5.18679     7.47768     18.2346
5.55337     8.15125     18.1365
5.96637     8.87563     18.1463
6.42616     9.64682     18.2785
6.93222     10.457     18.5492
7.48268     11.2933     18.9748
8.07373     12.1366     19.5714
8.69889     12.9606     20.3527
9.34834     13.7307     21.3273
10.0083     14.4047     22.4957
10.6604     14.9343     23.8464
11.2821     15.268     25.3521
11.8468     15.3574     26.9675
12.3254     15.1639     28.6285
12.6889     14.667     30.2558
12.9109     13.8714     31.7616
12.9717     12.8097     33.0606
12.8606     11.5415     34.0812
12.5782     10.1457     34.7759
12.1368     8.70944     35.1267
11.559     7.31539     35.1452
10.8746     6.03184     34.8668
10.1177     4.90639     34.3421
9.3224     3.96466     33.6276
8.52027     3.2128     32.778
7.73824     2.64219     31.8411
6.99755     2.23476     30.8554
6.31358     1.96779     29.85
5.6963     1.81753     28.8458
5.15106     1.76172     27.8567
4.67955     1.78091     26.8918
4.28077     1.85914     25.9568
3.95189     1.98396     25.0549
3.68897     2.14625     24.1881
3.48756     2.3398     23.3577
3.34317     2.56089     22.5646
3.25154     2.80787     21.8097
3.20891     3.08075     21.0941
3.21216     3.38091     20.4193
3.25885     3.71081     19.7871
3.34731     4.07375     19.2001
3.4766     4.47369     18.6614
3.64648     4.91507     18.1753
3.85743     5.4026     17.747
4.11048     5.94107     17.3832
4.4072     6.53502     17.092
4.74952     7.18839     16.8836
5.13958     7.90398     16.77
5.5795     8.68271     16.7659
6.07103     9.52271     16.8881
6.61515     10.4181     17.156
7.2115     11.3573     17.5904
7.85767     12.3218     18.213
8.5484     13.2839     19.0443
9.27453     14.2054     20.1005
10.0221     15.0374     21.3895
10.7716     15.7207     22.9059
11.4973     16.1895     24.6253
12.1679     16.3779     26.4996
12.7479     16.2298     28.455
13.2002     15.71     30.3945
13.4902     14.8155     32.2062
13.5903     13.5819     33.7779
13.4846     12.0825     35.0138
13.1718     10.4193     35.8497
12.6661     8.70643     36.2623
11.9952     7.05212     36.2689
11.1969     5.54387     35.9193
10.3138     4.23987     35.2825
9.38852     3.16791     34.4333
8.45957     2.32988     33.4418
7.55907     1.70912     32.3666
6.71143     1.27813     31.2528
5.93348     1.00504     30.1324
5.23521     0.858247     29.0266
4.62105     0.809235     27.9483
4.09113     0.833917     26.9046
3.64254     0.91304     25.8989
3.27044     1.03196     24.9326
2.96892     1.18014     24.0055
2.7317     1.35049     23.117
2.55256     1.53878     22.2665
2.42575     1.74305     21.4533
2.34618     1.96311     20.677
2.30954     2.2002     19.9373
2.31237     2.45667     19.2346
2.35212     2.73578     18.5693
2.42705     3.0415     17.9425
2.5363     3.37847     17.356
2.67981     3.75185     16.812
2.85827     4.16732     16.3139
3.07311     4.63098     15.8659
3.32644     5.14926     15.4737
3.62096     5.72875     15.1446
3.95994     6.376     14.8879
4.34706     7.09706     14.7154
4.78628     7.89698     14.6416
5.28157     8.77887     14.6846
5.83659     9.74274     14.8657
6.45416     10.7838     15.2102
7.13557     11.8903     15.7469
7.87968     13.0411     16.5063
8.68166     14.2025     17.519
9.53165     15.3258     18.8113
10.4132     16.3456     20.3994
11.3018     17.1803     22.281
12.1641     17.7372     24.4266
12.9584     17.922     26.7713
13.6363     17.6548     29.2108
14.1473     16.8891     31.6055
14.4447     15.6293     33.7958
14.4935     13.9405     35.6263
14.2766     11.9432     36.9741
13.799     9.79417     37.7718
13.0875     7.65689     38.0164
12.187     5.67302     37.7629
11.1528     3.9427     37.1047
10.0432     2.5181     36.1503
8.91222     1.40855     35.0037
7.80555     0.592118     33.752
6.75789     0.0286702     32.4603
5.79291     -0.329051     31.1726
4.9244     -0.527734     29.9158
4.15801     -0.609043     28.7045
3.49331     -0.607676     27.5445
2.92561     -0.551043     26.437
2.44755     -0.459843     25.3804
2.05033     -0.349048     24.3718
1.72463     -0.228979     23.4081
1.46126     -0.106324     22.4863
1.2516     0.0149813     21.6037
1.08782     0.13303     20.7579
0.963037     0.247376     19.9468
0.871323     0.358598     19.1687
0.807727     0.467982     18.4222
0.768198     0.577295     17.7059
0.74952     0.688643     17.0187
0.749238     0.804372     16.3596
0.765579     0.927033     15.7277
0.797387     1.05937     15.1224
0.844063     1.20432     14.5431
0.905519     1.3651     13.9894
0.982146     1.5452     13.461
1.07479     1.74849     12.9581
1.18476     1.97927     12.4809
1.31381     2.24241     12.0303
1.46417     2.54337     11.6074
1.63857     2.88835     11.2142
1.84028     3.28434     10.8533
2.07317     3.73925     10.5287
2.34171     4.2619     10.2456
2.65106     4.86207     10.0112
3.00708     5.55038     9.8351
3.41635     6.33806     9.72999
3.88611     7.23648     9.71265
4.42412     8.25628     9.80485
5.03844     9.40604     10.0345
5.73692     10.6901     10.4369
6.52643     12.1054     11.0553
7.41168     13.6371     11.9411
8.39345     15.2525     13.1523
9.46621     16.8942     14.7493
10.615     18.473     16.7858
11.8118     19.863     19.2949
13.0126     20.9031     22.269
14.1552     21.411     25.6367
15.1606     21.2114     29.244
15.9399     20.1817     32.8519
16.4059     18.2996     36.1616
16.4898     15.676     38.8712
16.1572     12.5484     40.747
15.4181     9.23147     41.6829
14.3255     6.04016     41.7178
12.9648     3.22052     41.007
11.4365     0.912913     39.7648
9.83883     -0.846148     38.2063
8.25575     -2.09694     36.5093
6.75041     -2.92221     34.7991
5.3644     -3.41843     33.1516
4.12027     -3.67735     31.6044
3.02556     -3.77694     30.1698
2.07705     -3.77885     28.8457
1.26453     -3.72938     27.6231
0.573677     -3.66196     26.4906
-0.0117126     -3.59993     25.4374
-0.508289     -3.55913     24.4541
-0.932177     -3.55001     23.5332
-1.29843     -3.57933     22.6691
-1.62077     -3.65145     21.858
-1.91149     -3.76924     21.0974
-2.18151     -3.93484     20.3862
-2.44051     -4.1501     19.7242
-2.69708     -4.41692     19.1126
-2.95888     -4.73747     18.5535
-3.23285     -5.11423     18.0502
-3.52531     -5.55002     17.6073
-3.84214     -6.04789     17.2309
-4.1888     -6.61086     16.9288
-4.57039     -7.24159     16.7109
-4.99165     -7.94185     16.5893
-5.45675     -8.71177     16.5784
-5.96915     -9.54886     16.6953
-6.53122     -10.4468     16.9596
-7.14375     -11.3937     17.3928
-7.80525     -12.3704     18.0174
-8.51118     -13.3489     18.8548
-9.25293     -14.2902     19.9223
-10.0169     -15.1438     21.2289
-10.7834     -15.8487     22.7704
-11.5268     -16.3367     24.5226
-12.2149     -16.539     26.4372
-12.8113     -16.3963     28.4386
-13.2776     -15.8709     30.4269
-13.5781     -14.9585     32.2863
-13.6839     -13.6952     33.8998
-13.5783     -12.157     35.1676
-13.2597     -10.4496     36.023
-12.7427     -8.69191     36.4419
-12.0561     -6.99644     36.443
-11.239     -5.4537     36.0788
-10.3356     -4.12335     35.4215
-9.38959     -3.03319     34.5492
-8.44086     -2.18408     33.5344
-7.52221     -1.55781     32.4373
-6.65848     -1.12519     31.3039
-5.86663     -0.852803     30.1664
-5.15659     -0.707788     29.0461
-4.53256     -0.660654     27.9553
-3.99437     -0.686631     26.901
-3.53877     -0.766004     25.8861
-3.16058     -0.883833     24.9115
-2.85357     -1.02939     23.9767
-2.61113     -1.19549     23.0811
-2.42679     -1.37782     22.2236
-2.29455     -1.57435     21.4033
-2.20909     -1.78486     20.6195
-2.16592     -2.01052     19.8719
-2.16141     -2.2536     19.1604
-2.19282     -2.51727     18.4854
-2.25827     -2.8054     17.8475
-2.35676     -3.12252     17.2482
-2.48806     -3.47369     16.6892
-2.65276     -3.86451     16.1734
-2.85214     -4.30104     15.7043
-3.0882     -4.78977     15.2869
-3.36359     -5.33747     14.9275
-3.68153     -5.95106     14.6344
-4.04577     -6.6373     14.4179
-4.46041     -7.40231     14.2914
-4.92978     -8.25089     14.2712
-5.4581     -9.18547     14.3773
-6.0491     -10.2047     14.6337
-6.7054     -11.3014     15.0684
-7.42771     -12.4602     15.7125
-8.21375     -13.6546     16.5989
-9.05686     -14.8436     17.7591
-9.94442     -15.9695     19.2178
-10.8562     -16.9563     20.9863
-11.7631     -17.7123     23.0525
-12.6265     -18.137     25.3713
-13.3994     -18.1345     27.8573
-14.0291     -17.6323     30.3835
-14.4635     -16.6024     32.7907
-14.6579     -15.0775     34.9081
-14.5829     -13.155     36.5834
-14.2309     -10.9839     37.7118
-13.6182     -8.73807     38.2547
-12.7827     -6.58306     38.2413
-11.7779     -4.64878     37.7537
-10.6646     -3.01525     36.9026
-9.50225     -1.71257     35.8032
-8.34358     -0.730908     34.5571
-7.23045     -0.0345728     33.2441
-6.19288     0.424671     31.92
-5.24975     0.697562     30.6204
-4.41044     0.831078     29.3651
-3.67694     0.865318     28.163
-3.04596     0.832557     27.0166
-2.5107     0.757581     25.9248
-2.06233     0.658632     24.8844
-1.69111     0.548578     23.892
-1.38718     0.436049     22.9441
-1.1411     0.326456     22.0374
-0.944166     0.222831     21.1691
-0.788579     0.12651     20.3368
-0.667545     0.0376497     19.5385
-0.575249     -0.0443761     18.7724
-0.506812     -0.120697     18.037
-0.458215     -0.192745     17.3309
-0.426213     -0.262128     16.6528
-0.408243     -0.330545     16.0016
-0.402342     -0.399748     15.3764
-0.407065     -0.471525     14.776
-0.421421     -0.547712     14.1998
-0.444818     -0.630212     13.6467
-0.477017     -0.721032     13.1162
-0.518102     -0.822321     12.6075
-0.56846     -0.936428     12.1202
-0.628766     -1.06595     11.6538
-0.699987     -1.21382     11.2079
-0.783389     -1.38334     10.7826
-0.880556     -1.57831     10.3779
-0.993418     -1.80306     9.99428
-1.12429     -2.06262     9.63247
-1.27591     -2.36276     9.29378
-1.4515     -2.71014     8.98019
-1.65485     -3.1124     8.6945
-1.89034     -3.57831     8.4407
-2.16306     -4.11778     8.22431
-2.47884     -4.74197     8.05288
-2.84436     -5.46317     7.93666
-3.26713     -6.29462     7.8894
-3.75552     -7.25001     7.92947
-4.3186     -8.34258     8.08107
-4.96593     -9.5836     8.37573
-5.70699     -10.9798     8.85384
-6.55038     -12.5299     9.56589
-7.50236     -14.2184     10.5729
-8.56482     -16.0091     11.9447
-9.73223     -17.8352     13.7551
-10.9878     -19.59     16.0711
-12.2989     -21.1206     18.9342
-13.613     -22.2292     22.334
-14.855     -22.6918     26.1779
-15.9294     -22.2984     30.2668
-16.7294     -20.9138     34.2952
-17.1536     -18.5408     37.8912
-17.1272     -15.3552     40.6981
-16.6216     -11.6837     42.4694
-15.6642     -7.92385     43.135
-14.3324     -4.44059     42.8043
-12.7367     -1.48609     41.7098
-10.9969     0.827506     40.1259
-9.22292     2.50773     38.3002
-7.50253     3.6379     36.418
-5.89675     4.33362     34.5964
-4.44167     4.71206     32.8963
-3.15298     4.87545     31.3395
-2.0314     4.90533     29.9252
-1.06765     4.86291     28.6415
-0.246494     4.79216     27.4728
0.450285     4.72353     26.4034
1.04187     4.67749     25.4203
1.54708     4.66734     24.513
1.98359     4.70148     23.6738
2.36753     4.78505     22.8975
2.71336     4.92113     22.1812
3.03384     5.11157     21.5235
3.34015     5.35758     20.9249
3.6421     5.66008     20.3872
3.94819     6.01982     19.9137
4.26589     6.43747     19.5089
4.60167     6.91344     19.1791
4.96114     7.44765     18.9318
5.34906     8.03915     18.7764
5.76929     8.6855     18.7237
6.22468     9.38215     18.7862
6.71683     10.1215     18.9776
7.2458     10.8919     19.3124
7.80965     11.6767     19.8048
8.40396     12.453     20.4674
9.02129     13.1912     21.3091
9.6506     13.8548     22.3321
10.2769     14.4015     23.5294
10.881     14.7856     24.8807
11.4401     14.9618     26.3508
11.9286     14.8916     27.8876
12.3202     14.5498     29.4245
12.5897     13.9306     30.8847
12.7166     13.0527     32.1895
12.6875     11.959     33.2677
12.4984     10.7127     34.0657
12.1557     9.38943     34.5537
11.6755     8.06607     34.7286
11.082     6.81138     34.611
10.4046     5.67853     34.2392
9.67465     4.70176     33.6612
8.92249     3.89678     32.9274
8.17532     3.26384     32.0847
7.45573     2.79203     31.1732
6.78113     2.46377     30.2246
6.1638     2.25855     29.2632
5.61142     2.15575     28.306
5.12783     2.13647     27.3648
4.71389     2.18447     26.4475
4.36829     2.28663     25.5593
4.08831     2.43287     24.7033
3.8704     2.61601     23.882
3.71069     2.83135     23.097
3.60536     3.07634     22.35
3.55088     3.35017     21.6424
3.54423     3.65351     20.9761
3.58297     3.98815     20.3536
3.66531     4.35679     19.7776
3.79016     4.76279     19.2518
3.95706     5.20994     18.7807
4.16617     5.70228     18.3699
4.4182     6.24378     18.0263
4.71428     6.83803     17.7585
5.05583     7.48782     17.5765
5.44438     8.19455     17.4924
5.88128     8.95751     17.5206
6.36741     9.77292     17.6769
6.9027     10.6328     17.9794
7.4856     11.5234     18.4467
8.11237     12.4242     19.0974
8.77635     13.3061     19.9473
9.46711     14.1309     21.0073
10.1697     14.851     22.2786
10.8639     15.4117     23.749
11.5247     15.7547     25.388
12.1224     15.8251     27.1441
12.6245     15.5799     28.9439
12.9985     14.9977     30.6967
13.2156     14.0867     32.303
13.2543     12.8884     33.6676
13.1044     11.4747     34.7129
12.7686     9.93815     35.3914
12.2627     8.37801     35.6902
11.6138     6.88563     35.6301
10.8567     5.53306     35.2575
10.0296     4.36715     34.6332
9.17006     3.40948     33.8221
8.31183     2.66037     32.8841
7.48286     2.10501     31.8697
6.70445     1.71975     30.8182
5.99132     1.47734     29.758
5.35233     1.35076     28.7082
4.79149     1.31551     27.6813
4.30913     1.35086     26.6846
3.9029     1.44017     25.7221
3.56876     1.57077     24.7959
3.30175     1.7336     23.9068
3.09654     1.92266     23.0551
2.9479     2.13451     22.241
2.85101     2.36777     21.4647
2.80164     2.62278     20.7266
2.79632     2.90116     20.0274
2.83233     3.20562     19.3682
2.90782     3.53974     18.7509
3.02169     3.90779     18.1779
3.17368     4.31458     17.6522
3.36423     4.76538     17.1781
3.59451     5.26572     16.7609
3.86628     5.82125     16.4076
4.18185     6.43743     16.1267
4.54391     7.1192     15.929
4.95543     7.87037     15.8277
5.41935     8.6929     15.8386
5.93827     9.58584     15.9807
6.51404     10.5439     16.2756
7.14707     11.5557     16.7475
7.83559     12.6018     17.422
8.57464     13.6523     18.3239
9.35495     14.665     19.4738
10.1617     15.5845     20.8836
10.9735     16.3424     22.5497
11.7616     16.862     24.4466
12.4907     17.0653     26.5205
13.1198     16.8853     28.686
13.6061     16.2806     30.8296
13.9098     15.2488     32.8199
13.9993     13.8351     34.5256
13.8575     12.1302     35.8375
13.4844     10.2578     36.6865
12.8986     8.3533     37.0546
12.1344     6.54114     36.9717
11.2368     4.91712     36.5046
10.2552     3.53994     35.7389
9.23757     2.43202     34.763
8.22635     1.58664     33.6558
7.25548     0.977726     32.4803
6.34978     0.569249     31.2828
5.52532     0.322508     30.0942
4.79068     0.200922     28.9334
4.14842     0.172645     27.8108
3.59676     0.211575     26.7309
3.13091     0.297368     25.6951
2.74432     0.414893     24.7028
2.42954     0.553469     23.7525
2.17898     0.706046     22.8424
1.98531     0.868455     21.9707
1.84182     1.03876     21.136
1.74257     1.21672     20.3368
1.68254     1.40339     19.5723
1.65761     1.60083     18.8417
1.66459     1.81184     18.1445
1.70116     2.03988     17.4806
1.76585     2.28891     16.8503
1.85799     2.56345     16.2541
1.97764     2.86846     15.6933
2.12562     3.20946     15.1696
2.3034     3.59246     14.6854
2.51316     4.02403     14.2443
2.75771     4.5113     13.8511
3.04049     5.06186     13.5119
3.36557     5.68367     13.2349
3.73754     6.38481     13.0309
4.1615     7.17303     12.9135
4.64283     8.05509     12.8998
5.18697     9.03569     13.0114
5.79904     10.116     13.2745
6.4832     11.2913     13.7206
7.24183     12.5483     14.3857
8.07429     13.8616     15.3094
8.97536     15.1894     16.5316
9.93331     16.4696     18.0868
10.9278     17.6173     19.9962
11.9279     18.5263     22.2558
12.8911     19.0755     24.8234
13.7637     19.1447     27.6074
14.4841     18.6382     30.4629
14.9895     17.5123     33.2006
15.2249     15.7989     35.613
15.1533     13.6126     37.5124
14.764     11.1352     38.7704
14.0758     8.58024     39.3432
13.1343     6.14895     39.2731
12.0037     3.9947     38.6677
10.7559     2.206     37.6667
9.46079     0.808794     36.4105
8.17826     -0.218565     35.0185
6.95478     -0.926259     33.5799
5.82227     -1.37622     32.154
4.7995     -1.63035     30.7753
3.89443     -1.7438     29.4605
3.10688     -1.76221     28.2152
2.43106     -1.72133     27.038
1.85765     -1.64801     25.9249
1.37545     -1.56164     24.8703
0.972538     -1.4757     23.8691
0.63713     -1.39924     22.9163
0.358053     -1.33805     22.0078
0.125065     -1.29561     21.1403
-0.0710243     -1.27392     20.3109
-0.238326     -1.27403     19.5174
-0.38393     -1.2965     18.7581
-0.514003     -1.34172     18.0313
-0.633907     -1.41016     17.3359
-0.74834     -1.50251     16.6709
-0.861467     -1.61985     16.0357
-0.977053     -1.76372     15.4298
-1.09859     -1.93618     14.853
-1.22943     -2.13993     14.3055
-1.37284     -2.37831     13.7878
-1.5322     -2.6554     13.3009
-1.71101     -2.97607     12.8464
-1.91302     -3.346     12.4269
-2.14233     -3.77178     12.0457
-2.40343     -4.26087     11.7075
-2.7013     -4.82161     11.4187
-3.04144     -5.46309     11.188
-3.4299     -6.19497     11.0264
-3.87322     -7.02698     10.9489
-4.3784     -7.9683     10.9742
-4.95258     -9.02634     11.1266
-5.60276     -10.205     11.4364
-6.33509     -11.5022     11.9405
-7.15393     -12.9061     12.6829
-8.06043     -14.3907     13.713
-9.0506     -15.9099     15.0829
-10.1128     -17.3918     16.8406
-11.2249     -18.7344     19.0193
-12.3514     -19.8053     21.6219
-13.4415     -20.45     24.6029
-14.4298     -20.5122     27.8507
-15.2396     -19.8668     31.1812
-15.7924     -18.4596     34.3503
-16.0201     -16.3405     37.091
-15.8793     -13.6718     39.1696
-15.3616     -10.7018     40.4407
-14.4977     -7.70925     40.8779
-13.3508     -4.94141     40.568
-12.0049     -2.56912     39.6732
-10.5495     -0.672486     38.382
-9.0671     0.746935     36.868
-7.62465     1.74032     35.2674
-6.27062     2.38475     33.6725
-5.03537     2.76282     32.1377
-3.93395     2.95029     30.6892
-2.96957     3.01052     29.3348
-2.13716     2.99329     28.0723
-1.42634     2.93593     26.8943
-0.823719     2.8654     25.7922
-0.314638     2.80057     24.7575
0.115701     2.75423     23.7829
0.481487     2.73483     22.8627
0.795884     2.74784     21.9921
1.07083     2.79679     21.168
1.31702     2.8841     20.3879
1.54392     3.01161     19.6506
1.75996     3.18108     18.9553
1.97261     3.39443     18.3023
2.18864     3.654     17.6924
2.41419     3.96265     17.1276
2.65503     4.32383     16.6103
2.91662     4.74159     16.1446
3.20427     5.22052     15.7356
3.52323     5.76564     15.3902
3.87873     6.38209     15.1171
4.27596     7.07481     14.9276
4.72006     7.84792     14.8356
5.21588     8.70391     14.8583
5.76779     9.64243     15.0164
6.3792     10.6587     15.3342
7.05192     11.7415     15.8392
7.78538     12.8707     16.5612
8.57542     14.0142     17.53
9.41305     15.1257     18.7717
10.2829     16.1429     20.3029
11.1619     16.9875     22.1235
12.0186     17.5699     24.2077
12.8127     17.7979     26.4957
13.4977     17.5912     28.8902
14.0243     16.9     31.2586
14.3462     15.7219     33.4466
14.4274     14.1127     35.3009
14.2487     12.1836     36.6963
13.8122     10.0835     37.5586
13.1414     7.97251     37.8763
12.2779     5.99289     37.6951
11.2748     4.24892     37.1014
10.1891     2.79866     36.1998
9.07463     1.6574     35.0933
7.97765     0.808109     33.8696
6.93388     0.214088     32.5959
5.96828     -0.169944     31.3188
5.09593     -0.389827     30.0672
4.32366     -0.48714     28.8575
3.65201     -0.496936     27.6968
3.0771     -0.447183     26.5873
2.59213     -0.359189     25.5279
2.18875     -0.248494     24.5162
1.85793     -0.125901     23.5493
1.59067     0.00152309     22.6243
1.37847     0.12957     21.7386
1.21357     0.256163     20.8899
1.08913     0.380772     20.0761
0.999268     0.503979     19.2957
0.939063     0.627143     18.5472
0.904508     0.752176     17.8292
0.892452     0.881385     17.1409
0.900525     1.01738     16.4813
0.927072     1.16305     15.8497
0.971086     1.3215     15.2455
1.03216     1.49616     14.6684
1.11042     1.69072     14.1184
1.20655     1.9093     13.5954
1.32172     2.15644     13.1001
1.45761     2.43721     12.6333
1.61642     2.75729     12.1966
1.80088     3.12309     11.7922
2.01428     3.54178     11.4232
2.26053     4.02136     11.094
2.54415     4.57073     10.8107
2.87034     5.19956     10.5811
3.24498     5.91822     10.416
3.67459     6.73737     10.3293
4.16626     7.66741     10.3392
4.72746     8.7174     10.4693
5.3657     9.89351     10.7491
6.08796     11.1966     11.2154
6.89977     12.6186     11.9128
7.80388     14.138     12.8925
8.79834     15.7138     14.2102
9.87397     17.279     15.9204
11.0113     18.735     18.066
12.1775     19.9489     20.663
13.3236     20.7598     23.6805
14.3839     20.9967     27.0208
15.2793     20.511     30.5067
15.9253     19.2205     33.8892
16.2449     17.1498     36.8815
16.184     14.4476     39.218
15.7249     11.3669     40.7179
14.8916     8.20821     41.3276
13.7458     5.24919     41.1222
12.3742     2.69008     40.2678
10.8723     0.631632     38.968
9.32977     -0.914908     37.415
7.8204     -2.00005     35.7615
6.39824     -2.7057     34.1119
5.09759     -3.12143     32.5276
3.93588     -3.33004     31.038
2.91749     -3.40086     29.6518
2.03759     -3.38831     28.366
1.28544     -3.33309     27.1721
0.646997     -3.26453     26.0603
0.106717     -3.2031     25.021
-0.351115     -3.16264     24.0459
-0.741605     -3.1523     23.1287
-1.07878     -3.17802     22.2644
-1.37539     -3.24362     21.4495
-1.64283     -3.35174     20.6817
-1.89123     -3.50438     19.9599
-2.12958     -3.70342     19.2838
-2.36589     -3.95086     18.6542
-2.60735     -4.2491     18.0726
-2.8605     -4.60095     17.5418
-3.13143     -5.00973     17.0656
-3.42585     -5.47917     16.6492
-3.74921     -6.0133     16.2994
-4.10679     -6.61613     16.0248
-4.50366     -7.2913     15.8366
-4.94463     -8.04144     15.748
-5.43407     -8.86737     15.7755
-5.97569     -9.76693     15.9385
-6.57206     -10.7335     16.2593
-7.22406     -11.7542     16.7626
-7.93004     -12.8075     17.4743
-8.68489     -13.8613     18.4193
-9.4788     -14.8706     19.6177
-10.2961     -15.777     21.0797
-11.1143     -16.5094     22.799
-11.9034     -16.9889     24.7459
-12.6266     -17.1369     26.861
-13.242     -16.8882     29.0528
-13.7063     -16.206     31.2022
-13.9799     -15.095     33.1744
-14.033     -13.6092     34.8381
-13.8507     -11.8475     36.0877
-13.4363     -9.9393     36.8618
-12.8117     -8.02199     37.1506
-12.0139     -6.21805     36.9926
-11.0896     -4.61849     36.4604
-10.0893     -3.27598     35.6429
-9.06079     -2.2071     34.6288
-8.04565     -1.40047     33.4958
-7.07659     -0.826881     32.3045
-6.17702     -0.448607     31.0988
-5.36164     -0.22635     29.9072
-4.63781     -0.123671     28.7468
-4.00714     -0.109282     27.6266
-3.46706     -0.15782     26.5504
-3.01226     -0.249704     25.5188
-2.63581     -0.370515     24.531
-2.33007     -0.510179     23.585
-2.08731     -0.662144     22.6792
-1.90017     -0.822628     21.8116
-1.76195     -0.989981     20.9807
-1.66678     -1.16417     20.1851
-1.60967     -1.34639     19.4238
-1.5866     -1.53876     18.696
-1.59443     -1.74413     18.0012
-1.63091     -1.96594     17.3393
-1.6946     -2.20815     16.7104
-1.78489     -2.4752     16.115
-1.90185     -2.77202     15.5541
-2.04632     -3.10404     15.0295
-2.21978     -3.47724     14.5433
-2.42439     -3.89813     14.0988
-2.66294     -4.3738     13.7006
-2.93889     -4.91189     13.3545
-3.25629     -5.52044     13.0682
-3.61977     -6.2077     12.8521
-4.03445     -6.98178     12.7191
-4.50584     -7.84997     12.6858
-5.03956     -8.8178     12.7731
-5.64103     -9.8876     13.0065
-6.31487     -11.0564     13.417
-7.06414     -12.3133     14.0405
-7.88912     -13.6355     14.917
-8.78584     -14.9847     16.0879
-9.74415     -16.3025     17.5909
-10.7456     -17.5073     19.452
-11.7611     -18.4944     21.6744
-12.7499     -19.1418     24.2249
-13.6593     -19.3236     27.0214
-14.4275     -18.9336     29.9265
-14.9897     -17.9133     32.7534
-15.2869     -16.2782     35.2897
-15.2766     -14.1299     37.3348
-14.9422     -11.6448     38.7424
-14.297     -9.04003     39.4502
-13.3833     -6.5283     39.4873
-12.2641     -4.27805     38.9552
-11.0125     -2.39199     37.9948
-9.70109     -0.906438     36.7527
-8.39325     0.194581     35.3561
-7.13888     0.959624     33.902
-5.97291     1.4517     32.4553
-4.91642     1.73514     31.0545
-3.97898     1.86801     29.7188
-3.16141     1.89867     28.4547
-2.45841     1.86523     27.2614
-1.8608     1.79639     26.1345
-1.35727     1.71299     25.0684
-0.935627     1.62961     24.0574
-0.583721     1.55607     23.0964
-0.289978     1.49872     22.1811
-0.0437386     1.46149     21.3078
0.164596     1.44667     20.4737
0.34353     1.45558     19.6764
0.500525     1.489     18.9141
0.642093     1.54755     18.1852
0.773931     1.6319     17.4887
0.901052     1.74302     16.8238
1.02793     1.88226     16.1898
1.15865     2.05148     15.5866
1.29701     2.25312     15.0143
1.44669     2.49032     14.4734
1.61132     2.76688     13.9649
1.79462     3.08743     13.4906
2.0005     3.45738     13.0529
2.23313     3.88299     12.6552
2.49703     4.3714     12.3025
2.79716     4.93054     12.001
3.13893     5.56901     11.7594
3.52822     6.29586     11.5889
3.97139     7.12014     11.5042
4.47511     8.05015     11.5239
5.04615     9.09227     11.6718
5.69101     10.2493     11.9775
6.41526     11.5179     12.4765
7.22259     12.8851     13.211
8.11344     14.324     14.2277
9.08312     15.7884     15.5752
10.1195     17.2079     17.2968
11.2003     18.4838     19.4211
12.2906     19.4899     21.9468
13.3412     20.081     24.8262
14.2895     20.1123     27.9501
15.0629     19.4699     31.1426
15.5877     18.1073     34.1738
15.8006     16.0741     36.7946
15.6614     13.5232     38.7877
15.1628     10.6859     40.0173
14.3336     7.82175     40.457
13.2333     5.16233     40.1846
11.9406     2.87002     39.3484
10.54     1.02401     38.1232
9.10997     -0.36973     36.6721
7.7148     -1.35555     35.125
6.40164     -2.00364     33.572
5.20062     -2.39084     32.0675
4.12724     -2.58878     30.6392
3.18561     -2.65811     29.297
2.37172     -2.647     28.0401
1.67625     -2.59193     26.863
1.08683     -2.51949     25.7581
0.589674     -2.44839     24.7178
0.170788     -2.39143     23.7353
-0.183351     -2.35705     22.8051
-0.485325     -2.35073     21.9226
-0.746575     -2.37594     21.0845
-0.97734     -2.43498     20.2884
-1.1867     -2.52951     19.5324
-1.38269     -2.66106     18.8156
-1.57245     -2.83126     18.1375
-1.76235     -3.04212     17.4983
-1.95823     -3.29617     16.8989
-2.16548     -3.59656     16.3407
-2.38923     -3.94711     15.8262
-2.6345     -4.35235     15.3588
-2.90625     -4.81747     14.9433
-3.20956     -5.34821     14.5858
-3.5496     -5.95072     14.2945
-3.93169     -6.63121     14.0798
-4.36127     -7.39548     13.9552
-4.84373     -8.24821     13.9372
-5.38426     -9.19185     14.0463
-5.98737     -10.2251     14.3072
-6.65643     -11.3411     14.7487
-7.39278     -12.5243     15.4033
-8.19465     -13.7479     16.3057
-9.05573     -14.97     17.4892
-9.96357     -16.1312     18.9808
-10.8977     -17.1526     20.7935
-11.8284     -17.9384     22.9163
-12.7158     -18.3827     25.3037
-13.5109     -18.3842     27.8673
-14.159     -17.8656     30.4747
-14.6053     -16.797     32.9583
-14.803     -15.2125     35.1387
-14.7214     -13.2156     36.8561
-14.3528     -10.9643     38.0014
-13.7148     -8.64216     38.5369
-12.8478     -6.42266     38.4963
-11.808     -4.44024     37.9691
-10.659     -2.77573     37.0731
-9.46277     -1.45716     35.9295
-8.2736     -0.471105     34.6439
-7.13419     0.222089     33.2977
-6.07476     0.674167     31.9474
-5.11393     0.938601     30.6277
-4.26054     1.06429     29.3573
-3.51589     1.09255     28.1444
-2.87597     1.05637     26.9903
-2.33328     0.98092     25.893
-1.87836     0.8846     24.8488
-1.50091     0.780339     23.8539
-1.19059     0.676792     22.9042
-0.937532     0.579403     21.9963
-0.732649     0.491279     21.1273
-0.567822     0.413886     20.2945
-0.435942     0.347589     19.496
-0.330891     0.292049     18.7297
-0.247484     0.246514     17.9942
-0.181379     0.210034     17.2879
-0.128978     0.18159     16.6096
-0.0873235     0.160199     15.9581
-0.0540013     0.144959     15.3322
-0.0270514     0.135091     14.7309
-0.00488584     0.129947     14.1533
0.0137819     0.129018     13.5983
0.0299978     0.13193     13.0652
0.0446198     0.138442     12.553
0.0583614     0.148437     12.0609
0.0718293     0.161918     11.5881
0.0855544     0.179005     11.1339
0.100019     0.199935     10.6976
0.115679     0.225062     10.2785
0.132985     0.254864     9.8759
0.152401     0.28995     9.48923
0.174421     0.331075     9.1179
0.199587     0.379155     8.76135
0.228506     0.435294     8.4191
0.261869     0.500803     8.09067
0.30047     0.577243     7.77565
0.345231     0.666457     7.47371
0.397223     0.770625     7.18458
0.457702     0.892317     6.90809
0.528136     1.03456     6.6442
0.610251     1.20093     6.39302
0.70607     1.39562     6.1549
0.817972     1.62357     5.93046
0.948754     1.89057     5.72072
1.1017     2.20342     5.52723
1.28066     2.57007     5.35227
1.49014     2.99975     5.19907
1.73543     3.5032     5.07224
2.02268     4.09273     4.97818
2.359     4.78234     4.92579
2.7526     5.58769     4.92732
3.21283     6.52588     4.99951
3.75019     7.61483     5.16511
4.37621     8.87212     5.45473
5.10311     10.3129     5.90898
5.94314     11.9463     6.58079
6.90739     13.77     7.53742
8.00376     15.7617     8.86103
9.23391     17.8683     10.6462
10.5888     19.9912     12.9912
12.0427     21.9727     15.9803
13.547     23.5886     19.6526
15.0241     24.5566     23.9589
16.3659     24.5765     28.7173
17.4406     23.4056     33.5889
18.1111     20.9571     38.1058
18.2632     17.3783     41.7685
17.8369     13.0536     44.189
16.8456     8.50808     45.2122
15.3747     4.25296     44.9478
13.5596     0.652154     43.6994
11.5534     -2.13115     41.8416
9.49736     -4.10762     39.7127
7.5033     -5.39497     37.559
5.64742     -6.15202     35.5277
3.97303     -6.53426     33.6869
2.4974     -6.67229     32.0535
1.21937     -6.66616     30.6162
0.126059     -6.58789     29.3518
-0.801978     -6.48701     28.2348
-1.58712     -6.3963     27.242
-2.25228     -6.3366     26.3544
-2.81949     -6.32055     25.5577
-3.30901     -6.35523     24.8417
-3.73902     -6.44412     24.1996
-4.12547     -6.58827     23.6277
-4.48209     -6.78726     23.1246
-4.82058     -7.03959     22.6908
-5.15075     -7.34301     22.3283
-5.48067     -7.6946     22.0405
-5.81683     -8.09065     21.8319
-6.16424     -8.52651     21.7078
-6.52646     -8.99625     21.6741
-6.90564     -9.49237     21.7374
-7.30244     -10.0054     21.9037
-7.71593     -10.5234     22.1787
-8.14349     -11.0319     22.5664
-8.58063     -11.5137     23.0686
-9.02092     -11.9489     23.6834
-9.45588     -12.3159     24.4045
-9.87514     -12.5918     25.2197
-10.2666     -12.7548     26.1099
-10.617     -12.7857     27.0496
-10.9126     -12.6704     28.0067
-11.1401     -12.4027     28.9442
-11.2879     -11.9855     29.823
-11.347     -11.4319     30.6048
-11.3124     -10.7649     31.256
-11.1834     -10.0153     31.7505
-10.9641     -9.21847     32.0726
-10.6632     -8.41123     32.217
-10.2932     -7.62785     32.1893
-9.86902     -6.89737     32.0031
-9.40733     -6.2418     31.6785
-8.92488     -5.67553     31.2384
-8.4376     -5.20578     30.7069
-7.95975     -4.8337     30.1069
-7.50343     -4.55593     29.4591
-7.07834     -4.36611     28.7812
-6.69183     -4.25626     28.0882
-6.34906     -4.2179     27.3922
-6.0533     -4.24288     26.7031
-5.80629     -4.32386     26.0289
-5.60859     -4.45465     25.376
-5.4599     -4.63028     24.7501
-5.35935     -4.84701     24.156
-5.30577     -5.1022     23.5984
-5.29783     -5.39413     23.0818
-5.33423     -5.72182     22.6107
-5.41372     -6.08479     22.1902
-5.5352     -6.48277     21.8256
-5.69768     -6.91545     21.5228
-5.90023     -7.38214     21.2881
-6.14193     -7.8814     21.1289
-6.42167     -8.41066     21.0527
-6.73808     -8.96578     21.0678
-7.08923     -9.54052     21.1824
-7.47241     -10.1261     21.4048
-7.88388     -10.7107     21.7422
-8.3185     -11.2792     22.2002
-8.76953     -11.8129     22.7813
-9.2283     -12.29     23.4841
-9.68413     -12.686     24.3016
-10.1243     -12.9754     25.2196
-10.5344     -13.1334     26.2163
-10.8986     -13.1389     27.2615
-11.2011     -12.9772     28.3177
-11.4266     -12.6428     29.3419
-11.5621     -12.1419     30.2893
-11.5981     -11.4926     31.1168
-11.5297     -10.7241     31.788
-11.3575     -9.87425     32.2763
-11.0877     -8.98517     32.5678
-10.7313     -8.09888     32.6613
-10.3036     -7.25308     32.5674
-9.82238     -6.47818     32.3055
-9.30668     -5.79565     31.9009
-8.77512     -5.21791     31.3809
-8.24492     -4.74936     30.7728
-7.73101     -4.38806     30.1016
-7.24565     -4.12761     29.3891
-6.79829     -3.95903     28.6532
-6.39572     -3.87222     27.9086
-6.04236     -3.85716     27.1669
-5.7407     -3.90465     26.4371
-5.49165     -4.00678     25.7265
-5.29502     -4.15712     25.0409
-5.14986     -4.35073     24.3851
-5.05477     -4.58413     23.7636
-5.00813     -4.85507     23.1805
-5.00832     -5.16232     22.64
-5.05386     -5.5055     22.1465
-5.14342     -5.88475     21.7047
-5.27593     -6.30049     21.32
-5.45053     -6.75312     20.9985
-5.66649     -7.24268     20.7468
-5.92316     -7.76845     20.5726
-6.2198     -8.32856     20.4843
-6.55538     -8.91945     20.4911
-6.9284     -9.53533     20.6024
-7.33653     -10.1676     20.828
-7.77635     -10.8042     21.1768
-8.24297     -11.4292     21.6565
-8.72965     -12.0226     22.2716
-9.2275     -12.5601     23.0226
-9.72524     -13.014     23.9036
-10.2091     -13.3548     24.9012
-10.6633     -13.553     25.9925
-11.07     -13.5826     27.1448
-11.4109     -13.4247     28.3163
-11.6685     -13.0709     29.458
-11.8271     -12.5264     30.5177
-11.8752     -11.8109     31.4451
-11.8067     -10.9579     32.1971
-11.6217     -10.0115     32.7426
-11.3269     -9.02088     33.0655
-10.935     -8.03537     33.165
-10.4635     -7.0987     33.0547
-9.93277     -6.24551     32.7583
-9.36457     -5.49949     32.3058
-8.78008     -4.87343     31.7296
-8.19861     -4.37064     31.0611
-7.63668     -3.98712     30.3284
-7.10762     -3.71406     29.5555
-6.62142     -3.53995     28.7617
-6.18502     -3.45244     27.9622
-5.80267     -3.43958     27.1687
-5.47647     -3.49066     26.39
-5.20684     -3.59667     25.6329
-4.99302     -3.75043     24.9028
-4.83347     -3.94661     24.2038
-4.72628     -4.18153     23.54
-4.66936     -4.45303     22.9147
-4.66074     -4.76015     22.3318
-4.69864     -5.10291     21.7951
-4.78159     -5.48203     21.3091
-4.90846     -5.89868     20.8786
-5.07844     -6.35415     20.5094
-5.29104     -6.84958     20.2083
-5.54592     -7.38551     19.9827
-5.84282     -7.96155     19.8415
-6.18137     -8.57578     19.7944
-6.56081     -9.22419     19.852
-6.97978     -9.89999     20.0256
-7.43588     -10.5929     20.3266
-7.92534     -11.2883     20.7658
-8.44255     -11.9669     21.3517
-8.97959     -12.6041     22.0895
-9.5259     -13.1704     22.9786
-10.0679     -13.6324     24.0107
-10.5893     -13.9545     25.1672
-11.0708     -14.1028     26.4183
-11.4917     -14.0486     27.7217
-11.8309     -13.7734     29.0247
-12.0683     -13.2732     30.2675
-12.1876     -12.5618     31.3888
-12.178     -11.6707     32.3322
-12.0355     -10.6467     33.0538
-11.764     -9.54648     33.5261
-11.3753     -8.42963     33.7413
-10.8873     -7.35144     33.7096
-10.3226     -6.35733     33.4559
-9.70613     -5.47961     33.0143
-9.06276     -4.73683     32.4233
-8.41561     -4.13514     31.7205
-7.7847     -3.67098     30.9402
-7.18624     -3.33416     30.1113
-6.63251     -3.1108     29.2569
-6.13198     -2.98564     28.3948
-5.68985     -2.94384     27.5383
-5.30862     -2.972     26.697
-4.98872     -3.0588     25.8778
-4.7291     -3.19521     25.086
-4.52778     -3.37447     24.3254
-4.38223     -3.59187     23.5993
-4.28978     -3.84458     22.9106
-4.24784     -4.1313     22.2622
-4.25411     -4.45201     21.6572
-4.30665     -4.80769     21.0991
-4.40401     -5.20003     20.5919
-4.54521     -5.63121     20.1405
-4.72971     -6.10357     19.7506
-4.95738     -6.6193     19.429
-5.22838     -7.18013     19.1836
-5.54302     -7.78681     19.0238
-5.90158     -8.43862     18.9604
-6.30405     -9.1327     19.0053
-6.74983     -9.86323     19.1717
-7.23733     -10.6205     19.4734
-7.76349     -11.3902     19.9241
-8.32327     -12.152     20.536
-8.90909     -12.8794     21.3178
-9.51024     -13.5395     22.2727
-10.1125     -14.0936     23.3953
-10.698     -14.4992     24.6689
-11.2452     -14.714     26.0624
-11.7303     -14.7004     27.5298
-12.1279     -14.4321     29.011
-12.4139     -13.9     30.4352
-12.5677     -13.1163     31.7282
-12.5749     -12.1163     32.8208
-12.4297     -10.9554     33.6581
-12.1355     -9.70202     34.2059
-11.7055     -8.4289     34.4546
-11.1607     -7.20328     34.4174
-10.5278     -6.07968     34.1259
-9.83621     -5.09571     33.6229
-9.11516     -4.27152     32.9554
-8.3915     -3.61186     32.1689
-7.68814     -3.10983     31.3034
-7.02325     -2.75098     30.3916
-6.41011     -2.51697     29.459
-5.85755     -2.38855     28.5242
-5.37049     -2.34744     27.6004
-4.95082     -2.37759     26.6968
-4.59807     -2.46572     25.8194
-4.31024     -2.60142     24.9725
-4.08432     -2.77704     24.1588
-3.91687     -2.98742     23.3807
-3.80433     -3.22952     22.6401
-3.74337     -3.50211     21.9388
-3.73106     -3.80543     21.279
-3.76498     -4.14087     20.6633
-3.84333     -4.51077     20.0948
-3.96492     -4.9181     19.5772
-4.12919     -5.36628     19.1153
-4.33614     -5.85891     18.7149
-4.58626     -6.39947     18.3829
-4.88045     -6.99101     18.1278
-5.21983     -7.63567     17.9599
-5.60557     -8.33407     17.8911
-6.03863     -9.08465     17.9351
-6.51937     -9.88267     18.1075
-7.04719     -10.7191     18.4251
-7.61991     -11.5795     18.9054
-8.23317     -12.4424     19.5649
-8.87968     -13.2785     20.4172
-9.54847     -14.05     21.47
-10.2242     -14.711     22.7217
-10.887     -15.2097     24.1568
-11.5121     -15.4923     25.7427
-12.0711     -15.5097     27.427
-12.5334     -15.2254     29.1382
-12.8691     -14.6242     30.7901
-13.0522     -13.7187     32.2903
-13.0645     -12.5519     33.552
-12.8978     -11.193     34.5069
-12.5565     -9.72904     35.1141
-12.0568     -8.25126     35.365
-11.425     -6.84276     35.2808
-10.6939     -5.56848     34.9053
-9.89941     -4.47044     34.2948
-9.07647     -3.56784     33.5089
-8.25648     -2.86078     32.6028
-7.46542     -2.33576     31.6231
-6.72316     -1.97126     30.6065
-6.0435     -1.74246     29.5796
-5.43484     -1.62462     28.561
-4.9011     -1.59527     27.5628
-4.44278     -1.6353     26.5925
-4.05788     -1.72932     25.6544
-3.74283     -1.86563     24.7512
-3.49314     -2.03585     23.8842
-3.30403     -2.23447     23.0541
-3.17075     -2.45838     22.2615
-3.08896     -2.70649     21.5072
-3.05486     -2.97925     20.7921
-3.06537     -3.27845     20.1174
-3.11814     -3.60687     19.4849
-3.2116     -3.9681     18.8969
-3.34495     -4.36639     18.3566
